product-bert-0.5.yaml: 0.016666666666666666
product-bert-1.0.yaml: 0.016666666666666666
product-bert-5.0.yaml: 0.016666666666666666
product-bow-0.5.yaml: 0.016666666666666666
product-bow-1.0.yaml: 0.016666666666666666
product-bow-5.0.yaml: 0.016666666666666666
product-feedforward-0.5.yaml: 0.016666666666666666
product-feedforward-1.0.yaml: 0.016666666666666666
product-feedforward-5.0.yaml: 0.016666666666666666
product-lstm-0.5.yaml: 0.016666666666666666
product-lstm-1.0.yaml: 0.016666666666666666
product-lstm-5.0.yaml: 0.016666666666666666
sentiment-bert-0.5.yaml: 0.016666666666666666
sentiment-bert-1.0.yaml: 0.016666666666666666
sentiment-bert-5.0.yaml: 0.016666666666666666
sentiment-bow-0.5.yaml: 0.016666666666666666
sentiment-bow-1.0.yaml: 0.016666666666666666
sentiment-bow-5.0.yaml: 0.016666666666666666
sentiment-feedforward-0.5.yaml: 0.016666666666666666
sentiment-feedforward-1.0.yaml: 0.016666666666666666
sentiment-feedforward-5.0.yaml: 0.016666666666666666
sentiment-lstm-0.5.yaml: 0.016666666666666666
sentiment-lstm-1.0.yaml: 0.016666666666666666
sentiment-lstm-5.0.yaml: 0.016666666666666666
stats-avg_rating-0.01.yaml: 0.016666666666666666
stats-avg_rating-0.05.yaml: 0.016666666666666666
stats-avg_rating-0.1.yaml: 0.016666666666666666
stats-avg_tokens-0.01.yaml: 0.016666666666666666
stats-avg_tokens-0.05.yaml: 0.016666666666666666
stats-avg_tokens-0.1.yaml: 0.016666666666666666
stats-count_per_category-0.01.yaml: 0.016666666666666666
stats-count_per_category-0.05.yaml: 0.016666666666666666
stats-count_per_category-0.1.yaml: 0.016666666666666666
stats-count_reviews-0.01.yaml: 0.016666666666666666
stats-count_reviews-0.05.yaml: 0.016666666666666666
stats-count_reviews-0.1.yaml: 0.016666666666666666
stats-count_tokens-0.01.yaml: 0.016666666666666666
stats-count_tokens-0.05.yaml: 0.016666666666666666
stats-count_tokens-0.1.yaml: 0.016666666666666666
stats-std_tokens-0.01.yaml: 0.016666666666666666
stats-std_tokens-0.05.yaml: 0.016666666666666666
stats-std_tokens-0.1.yaml: 0.016666666666666666
