elephants-product-bert-0.5.yaml: 0.020833333333333332
elephants-product-bert-1.0.yaml: 0.020833333333333332
elephants-product-bert-5.0.yaml: 0.020833333333333332
elephants-product-bow-0.5.yaml: 0.020833333333333332
elephants-product-bow-1.0.yaml: 0.020833333333333332
elephants-product-bow-5.0.yaml: 0.020833333333333332
elephants-product-feedforward-0.5.yaml: 0.020833333333333332
elephants-product-feedforward-1.0.yaml: 0.020833333333333332
elephants-product-feedforward-5.0.yaml: 0.020833333333333332
elephants-product-lstm-0.5.yaml: 0.020833333333333332
elephants-product-lstm-1.0.yaml: 0.020833333333333332
elephants-product-lstm-5.0.yaml: 0.020833333333333332
elephants-sentiment-bert-0.5.yaml: 0.020833333333333332
elephants-sentiment-bert-1.0.yaml: 0.020833333333333332
elephants-sentiment-bert-5.0.yaml: 0.020833333333333332
elephants-sentiment-bow-0.5.yaml: 0.020833333333333332
elephants-sentiment-bow-1.0.yaml: 0.020833333333333332
elephants-sentiment-bow-5.0.yaml: 0.020833333333333332
elephants-sentiment-feedforward-0.5.yaml: 0.020833333333333332
elephants-sentiment-feedforward-1.0.yaml: 0.020833333333333332
elephants-sentiment-feedforward-5.0.yaml: 0.020833333333333332
elephants-sentiment-lstm-0.5.yaml: 0.020833333333333332
elephants-sentiment-lstm-1.0.yaml: 0.020833333333333332
elephants-sentiment-lstm-5.0.yaml: 0.020833333333333332
mice-gaussian-stats-avg_rating-0.01.yaml: 0.0
mice-gaussian-stats-avg_rating-0.05.yaml: 0.0
mice-gaussian-stats-avg_rating-0.1.yaml: 0.0
mice-gaussian-stats-avg_tokens-0.01.yaml: 0.0
mice-gaussian-stats-avg_tokens-0.05.yaml: 0.0
mice-gaussian-stats-avg_tokens-0.1.yaml: 0.0
mice-gaussian-stats-count_per_category-0.01.yaml: 0.0
mice-gaussian-stats-count_per_category-0.05.yaml: 0.0
mice-gaussian-stats-count_per_category-0.1.yaml: 0.0
mice-gaussian-stats-count_reviews-0.01.yaml: 0.0
mice-gaussian-stats-count_reviews-0.05.yaml: 0.0
mice-gaussian-stats-count_reviews-0.1.yaml: 0.0
mice-gaussian-stats-count_tokens-0.01.yaml: 0.0
mice-gaussian-stats-count_tokens-0.05.yaml: 0.0
mice-gaussian-stats-count_tokens-0.1.yaml: 0.0
mice-gaussian-stats-std_tokens-0.01.yaml: 0.0
mice-gaussian-stats-std_tokens-0.05.yaml: 0.0
mice-gaussian-stats-std_tokens-0.1.yaml: 0.0
mice-laplace-stats-avg_rating-0.01.yaml: 0.027777777777777776
mice-laplace-stats-avg_rating-0.05.yaml: 0.027777777777777776
mice-laplace-stats-avg_rating-0.1.yaml: 0.027777777777777776
mice-laplace-stats-avg_tokens-0.01.yaml: 0.027777777777777776
mice-laplace-stats-avg_tokens-0.05.yaml: 0.027777777777777776
mice-laplace-stats-avg_tokens-0.1.yaml: 0.027777777777777776
mice-laplace-stats-count_per_category-0.01.yaml: 0.027777777777777776
mice-laplace-stats-count_per_category-0.05.yaml: 0.027777777777777776
mice-laplace-stats-count_per_category-0.1.yaml: 0.027777777777777776
mice-laplace-stats-count_reviews-0.01.yaml: 0.027777777777777776
mice-laplace-stats-count_reviews-0.05.yaml: 0.027777777777777776
mice-laplace-stats-count_reviews-0.1.yaml: 0.027777777777777776
mice-laplace-stats-count_tokens-0.01.yaml: 0.027777777777777776
mice-laplace-stats-count_tokens-0.05.yaml: 0.027777777777777776
mice-laplace-stats-count_tokens-0.1.yaml: 0.027777777777777776
mice-laplace-stats-std_tokens-0.01.yaml: 0.02777777777777768
mice-laplace-stats-std_tokens-0.05.yaml: 0.027777777777777776
mice-laplace-stats-std_tokens-0.1.yaml: 0.027777777777777776
