lap1.yaml: 0.1666666666666667
lap2.yaml: 0.1666666666666667
g1.yaml: 0.1666666666666667
g2.yaml: 0.1666666666666667
sgaussian1.yaml: 0.1666666666666667
sgaussian2.yaml: 0.1666666666666667
