gaussian_0.5.yaml: 0.16666666666666666
gaussian_1.0.yaml: 0.16666666666666666
laplace_0.5.yaml: 0.16666666666666666
laplace_1.0.yaml: 0.16666666666666666
subsampled_gaussian_0.5.yaml: 0.16666666666666666
subsampled_gaussian_1.0.yaml: 0.16666666666666666
